18 91
637 521 452 590 918 640 956 407 877 550 778 98 959 883 608 103 604 378 823 499 822 145 469 408 24 730 569 389 471 844 315 50 933 524 791 243 580 832 443 919 398 128 524 101 336 122 16 502 81 150 975 952 529 597 409 216 948 852 583 648 931 898 540 690 884 925 899 127 226 463 999 861 244 24 244 75 978 670 658 482 824 754 612 220 312 696 69 56 76 592 797 
335 808 268 174 758 552 958 598 504 631 646 887 715 744 402 573 621 810 995 799 963 421 69 871 677 522 311 247 895 723 536 456 693 143 703 663 872 785 227 788 49 160 687 353 92 389 14 346 938 950 288 807 936 257 810 775 554 806 140 182 80 96 543 122 851 990 631 178 494 732 512 668 535 534 952 422 445 89 406 935 296 882 755 566 754 545 597 536 4 541 716 
668 500 880 300 630 749 671 746 928 286 213 539 127 714 21 607 348 442 537 53 690 228 73 412 98 690 411 737 954 202 82 243 215 175 937 154 242 569 395 573 424 128 484 623 44 934 373 909 866 647 571 26 35 392 468 286 451 994 44 461 42 549 655 471 851 589 525 983 278 689 92 207 588 632 887 228 772 488 950 576 513 905 629 260 135 936 220 400 43 771 838 
755 119 999 420 121 823 858 161 291 717 762 265 405 935 437 302 51 451 696 78 443 511 798 313 317 602 108 511 917 55 597 348 927 878 105 366 642 352 333 736 463 612 561 841 112 163 687 313 497 144 489 960 191 96 567 18 321 566 402 704 266 883 942 828 160 634 805 640 236 811 981 34 951 403 148 183 916 849 534 504 235 795 831 750 551 495 538 556 99 81 573 
45 501 846 307 832 156 712 212 325 509 364 620 847 49 507 546 738 606 760 818 466 202 637 703 115 281 437 534 16 908 423 832 767 823 82 374 472 724 78 863 677 101 491 201 330 323 880 58 654 303 440 250 984 588 615 63 334 499 894 889 535 503 26 273 78 890 636 83 876 690 686 463 342 90 653 637 150 385 882 811 475 619 404 708 941 542 260 734 290 61 498 
739 371 162 851 715 466 541 700 128 239 619 757 58 671 138 268 970 642 638 171 859 196 242 174 911 355 287 479 314 424 349 924 610 682 386 370 126 679 641 880 675 741 642 664 689 232 782 532 457 157 649 512 59 731 930 527 157 456 3 269 786 377 104 680 669 971 611 171 499 294 522 292 374 386 913 952 333 295 145 381 414 823 662 307 835 2 887 607 876 506 129 
407 835 945 439 462 4 905 430 803 138 710 688 666 703 364 528 443 894 126 512 385 176 907 60 606 554 927 256 242 641 397 536 330 994 616 744 422 968 864 401 485 544 720 588 671 198 691 853 811 379 160 891 688 720 158 215 336 835 69 615 104 592 997 597 944 627 127 215 153 253 232 851 432 48 913 844 461 255 834 118 877 854 468 791 699 204 331 975 549 358 204 
816 161 849 117 200 407 32 572 134 293 465 283 880 592 594 277 289 100 782 481 191 788 752 679 494 43 420 693 691 692 654 567 285 492 211 685 417 531 943 707 610 251 14 567 223 78 740 264 117 244 315 227 437 556 87 221 410 627 951 387 994 533 281 513 138 226 565 190 230 203 351 439 852 740 187 639 127 235 335 941 362 505 936 300 31 854 316 514 982 708 927 
498 297 882 357 293 968 462 362 631 674 208 945 128 211 354 323 750 752 673 946 300 84 779 465 677 328 667 867 745 433 123 545 254 442 745 524 456 352 246 781 907 351 409 868 722 173 573 859 829 268 870 399 30 539 212 935 560 446 35 896 924 756 617 73 347 876 370 388 381 945 557 189 182 565 251 315 73 170 667 886 359 928 27 789 6 41 513 400 314 231 347 
351 709 844 221 818 573 74 960 348 279 352 211 971 325 93 539 161 989 250 668 59 398 897 357 229 49 486 99 914 483 498 647 48 448 698 995 889 216 822 935 735 498 256 444 237 279 230 837 844 543 148 915 741 25 128 90 503 412 987 788 938 564 256 438 418 651 338 895 378 579 111 168 436 635 373 903 513 482 77 99 244 929 319 578 639 662 962 884 368 764 492 
14 144 15 485 891 457 105 63 865 741 709 192 252 627 773 364 87 77 127 636 438 691 916 395 290 178 923 59 511 410 837 46 333 604 364 657 498 77 280 277 667 34 94 799 741 465 109 274 1000 898 9 876 879 246 624 210 596 18 950 76 172 859 67 501 932 499 756 91 467 316 266 597 10 850 364 707 374 694 403 636 80 362 207 445 421 900 838 849 708 626 791 
921 497 621 246 351 944 79 341 289 618 495 38 179 709 270 36 121 817 397 113 756 805 836 946 803 468 222 862 769 107 317 24 251 421 31 730 814 606 325 693 477 251 980 946 419 212 191 344 72 55 84 427 919 85 556 79 354 345 746 775 460 4 510 539 721 638 199 936 98 626 954 903 290 3 20 474 278 670 232 475 174 381 518 472 832 889 201 660 770 533 788 
337 29 540 294 662 600 683 174 90 514 607 74 190 577 550 261 229 427 282 898 888 332 595 83 483 902 808 603 595 33 847 990 475 365 614 250 517 106 925 313 638 249 705 647 7 392 461 594 102 187 741 486 228 433 313 855 147 870 908 116 424 563 640 899 30 384 757 190 256 687 835 363 234 83 955 248 129 639 863 316 310 797 8 719 598 621 751 322 815 784 931 
706 135 196 520 420 651 470 682 293 717 351 334 989 243 230 955 441 226 733 369 383 984 819 42 453 882 952 706 228 772 969 552 310 553 345 888 460 64 271 287 410 680 78 734 234 21 616 989 598 85 216 838 857 358 23 611 406 439 57 472 889 553 14 884 859 619 661 289 103 957 125 870 425 98 76 178 205 390 967 281 489 224 543 907 368 252 790 360 764 988 440 
818 75 859 330 255 51 56 60 996 661 688 1 47 64 703 623 99 314 757 143 815 134 16 183 558 885 99 506 269 29 5 113 74 126 841 827 980 974 555 525 498 871 643 833 122 300 364 586 91 750 836 190 551 985 814 262 52 361 597 607 820 854 100 906 1000 310 368 971 367 959 281 601 871 405 363 368 320 422 689 690 322 929 271 372 287 87 792 631 78 280 722 
286 543 390 676 122 216 817 349 797 997 833 538 159 422 532 437 976 398 990 815 890 809 457 832 157 666 342 158 279 793 401 310 726 10 110 188 162 801 148 674 319 3 641 379 123 68 760 330 550 121 648 267 738 767 691 165 496 1000 204 561 21 473 130 604 33 336 133 51 261 758 285 81 787 928 379 129 849 113 228 653 415 874 874 147 69 170 493 247 399 76 531 
238 116 827 689 224 470 669 819 66 445 892 514 904 760 275 151 376 899 872 897 683 828 484 173 55 57 294 129 460 758 889 713 848 186 602 459 340 542 989 396 635 641 11 307 20 386 640 208 874 52 276 40 489 246 105 340 641 649 692 149 852 744 153 524 67 843 618 872 536 507 129 839 380 500 684 857 442 483 898 199 909 423 560 606 675 649 632 661 326 418 191 
967 862 554 220 684 904 124 188 670 889 239 205 91 830 184 713 526 273 639 383 41 213 934 562 606 886 125 316 557 440 482 807 893 168 500 980 137 538 227 715 207 500 532 894 373 243 272 22 99 702 962 768 834 647 306 101 13 964 231 860 768 735 969 489 814 752 396 435 516 149 828 193 913 620 161 193 35 759 240 385 250 565 411 723 189 667 178 659 273 658 767 
18
16 31 1 24
12 84 2 2
13 11 2 66
4 50 9 23
15 11 1 75
6 87 1 4
14 82 5 3
5 82 3 10
3 85 7 2
2 73 17 10
3 34 9 9
1 49 2 10
17 6 2 39
6 49 1 9
10 41 2 15
3 54 11 29
4 7 6 50
2 13 17 29
