74 95
629 691 858 847 90 674 515 359 133 845 203 624 392 161 78 159 794 145 910 911 490 572 278 767 129 76 859 233 972 529 897 462 78 380 458 554 657 514 956 485 369 501 521 900 536 388 987 898 960 183 693 653 483 407 862 423 431 110 463 486 350 814 990 488 283 200 228 33 483 202 897 119 589 646 753 295 102 28 291 829 395 617 993 474 51 168 850 144 796 310 599 203 861 46 29 
954 399 295 980 143 231 153 235 705 650 313 522 289 881 603 685 717 326 324 875 145 308 351 885 574 54 901 463 701 868 674 717 946 913 857 915 328 910 682 18 313 739 134 632 917 930 811 932 319 443 143 32 474 384 815 928 208 537 694 598 80 377 466 879 685 404 833 287 237 426 983 919 430 966 679 511 19 537 462 700 70 664 716 440 756 397 105 503 219 202 511 181 289 389 739 
443 910 139 680 198 981 89 715 672 154 931 596 155 942 738 804 419 556 57 337 197 250 860 102 706 674 383 391 168 715 589 979 383 775 240 885 794 340 483 328 287 636 413 604 694 210 661 157 666 855 191 393 188 357 937 132 557 724 156 270 123 5 544 206 545 775 238 328 680 25 984 803 917 939 692 549 822 115 946 244 126 477 977 790 273 267 289 270 925 812 897 614 557 624 476 
409 188 184 391 887 576 971 924 166 924 504 975 251 336 913 23 816 302 704 686 291 294 849 515 485 846 903 767 514 50 416 189 931 440 160 101 138 383 934 717 802 226 626 147 890 146 855 22 698 488 399 62 292 379 805 881 152 883 847 811 228 764 887 461 865 366 181 720 215 709 691 51 63 149 501 229 965 190 216 959 650 99 328 711 542 318 309 885 687 801 12 404 928 601 463 
593 531 269 244 743 350 758 966 278 110 602 613 276 890 318 610 295 148 359 543 884 748 289 998 729 816 671 983 361 212 153 901 628 676 533 817 692 477 46 213 351 949 978 351 934 733 545 617 738 407 816 791 129 630 789 981 897 868 347 336 292 435 862 474 995 14 121 833 66 283 52 601 96 873 190 375 768 516 373 47 192 868 630 640 950 360 633 222 683 609 88 842 455 891 167 
148 156 737 905 153 211 891 900 900 776 575 408 869 484 559 69 443 385 405 874 646 478 905 825 307 486 952 644 613 961 935 302 936 730 874 89 78 66 826 242 274 928 451 72 130 881 142 964 920 30 592 298 173 834 261 800 398 954 713 202 841 871 667 790 569 350 629 933 999 476 914 544 251 762 489 732 416 402 118 513 412 119 217 539 167 757 510 552 803 221 913 736 259 399 814 
1000 883 40 380 600 756 544 414 755 694 746 267 712 849 192 340 93 945 901 737 622 180 654 302 303 286 396 877 341 507 161 488 738 766 45 497 625 200 381 439 304 277 975 567 765 38 982 756 369 678 908 520 945 768 145 920 39 522 841 917 75 805 444 488 826 541 803 382 388 234 562 372 74 881 905 829 51 650 837 461 830 339 529 576 360 470 539 823 725 981 788 554 999 385 574 
787 376 53 852 662 154 765 601 670 986 562 205 634 783 182 161 607 735 869 857 152 202 426 40 690 698 950 263 384 470 296 324 933 330 786 663 916 665 895 631 914 455 11 972 73 658 528 375 470 434 867 475 8 426 474 632 780 478 796 43 409 929 950 490 638 4 491 414 211 292 20 37 510 10 200 889 839 131 44 643 702 603 344 57 196 28 901 903 345 977 888 977 345 605 286 
183 155 987 355 57 421 643 371 359 342 128 784 264 780 144 686 406 333 827 568 595 253 2 749 220 396 903 754 188 975 46 304 487 682 962 921 35 417 149 836 440 534 442 519 289 825 862 332 640 616 769 808 149 196 593 369 454 147 167 114 494 170 204 904 117 59 820 633 468 919 100 114 998 493 734 22 369 427 675 752 275 122 781 713 371 45 158 385 907 609 572 207 750 168 78 
671 646 728 160 931 849 411 745 862 977 502 940 486 486 862 660 144 671 612 577 253 579 712 298 800 49 605 952 962 25 671 963 21 162 926 726 899 842 854 840 931 785 507 935 584 489 563 899 716 139 757 781 109 854 699 835 442 550 963 26 300 347 989 407 621 252 701 818 167 730 163 541 779 886 802 124 712 640 328 731 243 967 789 89 779 663 574 492 199 563 380 584 12 994 735 
199 595 790 859 17 192 647 191 335 695 190 920 436 700 958 636 866 702 24 241 880 217 815 421 717 897 925 286 550 428 669 561 271 796 534 35 566 187 428 827 223 390 317 29 369 240 710 369 939 972 680 853 652 540 456 746 255 142 978 475 238 524 767 412 687 29 919 678 677 253 363 289 366 89 865 593 38 859 770 540 941 3 826 963 93 634 467 45 717 870 799 580 417 90 258 
254 0 603 536 460 740 896 34 402 629 946 466 864 716 41 163 888 153 722 442 839 359 440 914 127 17 772 796 219 780 979 756 295 111 784 382 733 841 799 930 108 69 221 59 730 329 667 308 382 845 881 505 95 328 591 409 337 810 95 667 316 519 405 421 813 456 238 547 987 166 618 494 118 15 792 31 744 901 50 527 273 99 186 825 199 873 250 61 304 7 669 286 842 286 983 
901 216 823 775 969 490 236 884 220 762 685 504 217 73 1 594 99 877 14 96 237 753 504 963 388 313 180 125 473 225 882 403 213 791 810 317 327 165 146 968 795 527 169 920 728 575 568 107 283 416 781 742 620 549 602 790 629 778 29 43 763 311 988 391 87 12 408 88 797 514 99 92 884 850 688 612 554 797 133 266 31 966 281 903 990 987 680 665 464 825 404 342 700 359 613 
194 634 159 393 948 408 714 342 314 281 450 966 318 382 309 65 485 334 762 183 53 581 764 391 557 528 625 547 316 526 871 186 92 775 358 622 79 680 430 929 222 661 748 614 816 171 249 690 759 843 70 408 519 578 676 325 126 143 277 863 255 358 15 669 715 400 558 394 879 419 444 681 407 7 792 196 522 359 576 951 749 999 894 720 914 465 493 262 900 212 213 444 745 880 115 
913 726 510 45 269 351 84 251 125 82 937 17 401 65 586 264 348 42 688 145 971 687 899 429 535 195 89 453 458 238 215 745 519 302 853 669 159 885 827 929 672 232 218 144 623 640 471 222 58 337 857 465 149 910 787 148 323 950 412 143 306 983 356 66 541 982 249 751 243 117 585 638 293 968 587 979 103 541 384 830 198 779 287 685 454 854 916 465 449 650 683 398 124 596 793 
802 458 408 973 251 783 242 989 385 583 121 947 85 696 685 792 775 499 398 959 310 250 179 576 257 291 602 405 975 307 533 838 96 928 984 620 651 209 775 207 1 203 116 616 647 524 296 795 585 414 403 573 420 744 134 885 92 751 697 79 429 841 758 436 742 753 786 97 171 500 657 723 290 301 408 997 842 672 832 708 799 26 495 230 683 158 338 581 412 185 678 177 880 682 64 
521 297 564 283 676 203 738 878 159 893 865 179 741 347 912 836 543 149 317 994 225 472 424 314 380 542 678 418 180 774 515 92 928 945 408 978 943 814 548 322 468 838 682 899 58 587 825 820 786 142 995 370 441 900 250 839 989 452 613 130 433 486 602 638 330 316 581 166 246 538 276 30 565 457 545 509 695 57 930 446 559 181 146 271 372 149 573 448 622 807 668 561 234 799 718 
199 752 378 902 446 353 519 592 735 231 480 884 437 669 707 672 248 321 904 743 407 39 123 683 661 903 20 502 934 966 845 767 485 719 271 322 933 499 296 703 701 61 717 128 408 613 417 473 107 533 99 111 177 491 59 808 193 533 195 456 720 580 767 956 141 887 436 949 630 653 390 923 840 325 680 302 520 644 462 655 468 380 173 365 702 562 969 772 120 977 767 859 53 197 511 
928 485 484 980 674 808 961 716 495 344 990 631 184 773 367 190 131 661 589 905 739 712 892 979 647 482 244 809 996 360 157 691 349 290 972 176 87 635 513 828 389 192 112 86 49 539 939 439 125 713 779 753 580 62 46 86 165 958 887 101 197 398 835 515 404 706 752 837 265 647 801 842 604 995 269 774 284 640 785 390 431 723 321 953 866 792 384 289 101 634 421 578 446 328 219 
953 8 847 856 174 45 254 544 532 237 305 836 773 620 744 735 73 457 439 780 913 809 181 149 461 13 937 427 540 426 23 436 480 905 675 990 467 909 712 858 866 855 265 79 456 410 145 940 254 728 853 530 159 796 936 733 25 562 815 848 186 865 845 549 8 774 763 817 267 750 420 981 205 460 619 375 638 244 417 164 957 492 372 28 547 207 803 855 913 249 459 60 584 790 541 
990 886 985 682 708 509 479 510 126 871 608 347 479 147 851 642 110 638 145 862 157 389 409 500 150 575 675 6 0 565 531 386 49 877 27 993 622 655 535 89 147 104 235 30 488 197 298 84 119 89 148 978 413 377 554 225 145 29 319 527 408 290 890 750 416 804 970 874 136 628 444 549 422 336 881 905 12 924 789 145 376 515 157 593 114 987 212 22 408 907 923 125 846 495 301 
231 90 78 7 82 327 596 789 92 862 256 664 615 45 602 337 417 41 63 545 730 626 847 321 552 236 692 387 735 787 80 594 825 212 886 928 862 550 168 639 8 691 918 236 482 301 193 253 28 488 597 78 86 926 76 323 157 839 933 915 726 554 261 462 321 600 882 815 374 925 103 221 342 999 856 466 981 212 714 879 843 204 439 503 537 546 358 77 272 6 948 630 599 367 190 
43 993 438 107 616 236 384 696 567 636 322 918 824 112 315 994 928 823 755 94 460 903 727 314 269 758 870 852 566 1000 468 803 553 72 291 233 639 641 191 69 50 301 143 151 937 385 45 793 267 710 764 120 559 365 517 437 377 526 61 609 390 554 815 547 183 999 329 273 106 615 775 75 904 313 127 135 790 761 106 859 347 49 916 845 299 364 409 630 785 929 974 756 722 98 945 
61 995 773 643 606 837 892 199 683 842 316 838 665 619 405 152 738 316 378 300 205 125 640 943 344 411 385 997 155 645 53 241 660 717 914 815 424 105 912 434 165 335 793 269 453 297 976 139 986 983 287 694 85 409 553 631 644 730 25 168 785 88 588 37 774 583 343 522 381 187 388 264 337 179 903 1000 252 449 69 534 957 394 532 118 962 465 865 21 492 107 70 572 584 532 110 
50 87 510 211 526 594 783 329 888 934 419 861 707 709 330 653 405 279 60 554 699 471 749 822 766 848 884 936 404 855 522 138 190 165 92 270 938 302 758 753 895 646 33 108 112 714 875 616 670 229 94 765 488 86 961 230 211 240 408 252 375 636 152 519 578 693 473 826 912 137 381 957 261 864 53 650 727 339 65 86 868 337 912 717 119 274 957 955 820 732 919 524 86 518 397 
249 582 772 864 182 905 552 638 944 526 537 963 22 806 389 399 737 888 424 722 528 794 635 951 685 296 344 53 695 280 996 541 618 217 734 343 495 730 965 230 584 694 8 911 561 839 727 102 951 662 433 693 771 761 749 594 917 491 10 876 142 599 532 337 104 609 72 812 527 689 585 748 253 913 653 804 158 826 245 699 208 900 47 994 915 475 180 943 745 719 693 391 454 992 60 
754 22 148 869 765 237 520 232 985 661 165 438 547 208 736 125 565 345 349 873 372 973 429 877 365 206 249 56 740 540 366 608 758 587 741 190 378 544 560 213 774 115 704 6 259 462 784 859 420 793 688 780 117 411 107 929 984 679 419 627 288 238 243 872 853 919 649 682 742 478 735 744 529 368 15 124 53 299 157 266 368 228 968 446 652 193 448 674 645 972 840 620 109 86 653 
676 515 6 900 98 814 831 882 712 433 280 709 250 439 255 984 947 602 647 335 0 783 823 245 295 86 284 245 292 57 893 136 202 252 654 837 651 242 616 866 649 306 231 314 639 304 808 602 594 821 323 108 383 962 376 629 709 648 45 107 294 973 728 613 481 865 858 430 987 609 372 21 709 175 644 504 363 190 926 37 697 673 118 857 902 959 591 578 831 89 492 977 612 459 450 
236 255 244 120 68 698 603 739 444 569 681 668 841 961 786 525 578 962 99 812 226 339 994 703 21 126 95 297 870 566 595 544 375 290 28 212 27 574 245 813 516 0 669 58 491 781 415 84 754 310 98 3 366 825 24 2 963 982 520 231 64 33 992 585 106 946 87 420 353 999 554 882 43 43 194 426 496 212 602 606 844 93 748 939 398 157 426 880 250 188 546 272 20 748 400 
572 267 638 966 181 235 639 921 10 657 911 386 833 262 486 209 696 860 106 712 595 702 110 549 468 584 220 938 568 134 15 251 246 655 91 80 708 987 71 72 36 168 703 286 35 188 152 6 268 149 49 364 899 472 158 54 516 352 870 341 589 822 409 333 843 273 260 836 615 173 466 461 963 640 158 919 172 165 124 901 837 19 195 937 135 50 922 344 391 950 157 900 536 660 378 
755 361 703 165 804 225 591 78 739 759 62 955 909 634 298 750 448 256 823 657 229 175 398 885 847 492 524 326 619 450 92 874 658 565 809 734 804 47 625 581 357 505 167 673 775 624 633 724 646 693 472 425 267 269 602 256 868 931 325 785 181 103 138 207 622 226 351 873 249 207 186 381 254 418 661 826 261 451 605 351 242 345 665 719 595 479 341 881 6 269 801 400 696 980 306 
581 26 894 703 508 540 161 230 113 16 304 204 835 196 458 156 416 920 374 629 164 957 701 407 132 276 433 681 513 653 534 902 141 519 18 341 218 887 682 542 418 98 566 130 789 922 263 131 513 480 615 527 287 967 290 560 860 902 92 936 183 397 534 339 459 663 286 95 194 925 699 330 843 576 976 762 425 736 395 277 821 283 9 488 838 928 31 290 782 905 79 304 293 910 823 
325 44 430 810 19 223 196 664 106 828 630 711 394 413 298 957 992 749 579 617 39 208 542 804 530 100 774 803 9 258 92 357 374 531 755 217 234 688 305 746 644 101 187 611 37 483 904 538 344 539 667 808 600 10 600 62 419 428 69 971 562 759 564 275 23 910 720 431 131 905 112 43 985 503 808 69 197 778 329 660 432 294 509 359 920 688 312 430 387 600 735 621 88 985 314 
380 385 811 177 442 865 833 704 374 897 133 622 740 850 447 165 475 613 196 395 676 675 550 86 171 779 666 893 691 287 219 29 64 218 130 624 997 29 221 864 970 128 739 217 310 534 397 433 288 916 809 925 605 805 2 50 348 414 342 485 408 260 72 143 621 11 51 663 689 150 258 736 308 502 887 333 231 357 341 837 872 955 666 608 194 526 38 841 235 522 857 581 31 849 536 
878 750 704 99 467 757 680 4 805 174 121 553 321 635 657 493 249 390 52 93 478 748 383 237 171 758 963 349 997 919 60 332 435 858 886 914 248 449 818 420 660 463 272 790 13 188 573 880 117 958 638 526 136 332 833 71 682 858 223 533 532 532 807 280 172 359 862 163 390 811 602 326 689 954 111 615 888 771 61 206 350 45 194 755 761 961 804 70 327 812 882 756 742 562 652 
648 949 213 111 301 132 739 404 714 138 299 412 474 287 572 427 808 34 516 301 942 569 98 201 269 161 232 800 934 695 379 539 853 926 213 741 979 67 617 132 401 281 509 550 427 149 313 730 646 203 7 90 664 372 310 3 990 161 968 746 403 262 760 575 354 475 893 470 873 458 187 390 232 860 758 491 822 253 717 318 842 138 540 236 468 607 629 27 590 521 5 185 486 171 29 
11 598 87 326 108 784 969 977 802 188 181 153 45 403 265 73 177 881 118 671 639 854 985 616 902 125 485 320 391 929 466 626 938 560 385 484 41 786 741 653 209 858 953 890 603 833 162 409 777 38 871 612 474 454 890 927 730 604 595 969 399 967 992 681 4 512 179 147 315 984 692 590 827 754 300 111 736 269 130 60 731 366 514 709 99 430 668 398 620 590 45 364 669 411 505 
596 988 854 848 269 606 350 511 7 634 951 850 655 656 89 491 572 718 454 736 463 379 701 974 784 387 513 62 70 47 116 228 677 859 73 995 29 349 640 425 214 849 881 900 469 963 940 639 970 9 948 907 363 569 779 631 764 998 129 957 840 669 233 994 813 829 427 99 114 220 48 153 127 942 750 331 49 388 395 31 1 700 71 187 186 852 327 624 705 64 10 863 332 991 112 
409 410 745 451 8 777 574 424 929 100 837 104 38 134 366 417 947 179 116 299 818 632 378 267 785 961 215 236 903 101 184 803 536 614 926 305 538 431 279 585 815 422 389 81 391 171 288 983 619 945 755 505 434 337 202 863 323 731 781 224 826 539 874 240 764 371 422 982 322 680 225 690 764 682 11 912 693 856 677 102 257 773 589 440 658 541 640 121 120 502 926 258 933 221 905 
284 544 301 662 751 315 198 967 789 21 422 832 903 471 736 646 539 346 618 163 760 180 938 956 369 298 530 988 258 294 76 923 893 758 495 673 587 82 57 337 59 736 516 93 434 61 222 648 115 734 112 299 854 551 337 441 316 408 680 709 345 988 413 989 2 201 94 589 761 140 458 275 337 6 439 756 785 825 471 819 958 971 841 763 707 949 497 508 664 87 997 741 565 307 770 
612 809 941 786 731 459 898 680 785 333 871 922 782 647 446 704 469 988 446 566 726 867 539 940 753 730 514 634 643 490 269 842 171 616 2 653 126 997 576 140 145 186 89 397 345 94 72 905 241 893 525 608 278 528 629 5 339 824 277 994 893 986 914 237 429 161 813 628 229 407 8 314 426 469 739 515 519 89 692 831 152 466 840 116 195 531 962 643 342 897 872 370 123 960 819 
588 657 524 1 339 780 852 759 922 845 251 642 83 422 284 338 266 255 987 28 919 474 113 653 948 977 10 679 364 957 816 983 241 25 76 380 692 743 120 442 814 269 667 106 459 112 60 67 801 192 901 126 645 347 686 27 673 382 504 718 443 159 188 365 792 342 302 517 428 705 922 15 142 279 270 548 295 67 172 246 816 30 139 314 426 732 566 642 76 871 150 622 715 337 545 
772 641 224 459 7 310 738 609 931 133 5 223 268 348 629 390 794 680 278 983 887 160 4 787 653 66 460 382 170 728 772 387 148 935 957 754 956 691 389 523 866 288 737 513 569 25 291 971 825 306 545 235 251 365 587 671 33 217 942 68 505 11 462 950 37 496 537 686 470 499 527 889 767 661 201 220 780 72 427 404 721 572 485 188 733 373 900 447 791 517 411 959 162 479 460 
813 841 615 209 693 871 363 288 627 352 424 510 905 741 766 37 386 58 131 481 883 15 166 20 466 392 971 412 775 787 542 483 379 168 555 943 834 874 409 751 897 340 883 817 428 610 220 910 769 588 992 259 299 582 565 312 803 490 349 731 58 292 838 629 212 373 441 407 5 359 149 907 535 247 125 901 438 357 512 958 403 117 504 692 771 766 263 570 357 103 349 596 584 673 258 
151 258 577 217 691 246 729 751 805 207 905 787 117 283 835 511 498 930 249 564 58 586 35 491 545 747 49 293 426 635 475 838 136 529 92 129 830 983 882 899 649 125 251 395 299 973 367 268 477 406 164 672 248 853 156 836 441 637 110 16 464 69 381 102 845 384 814 44 502 727 14 33 7 75 203 396 393 126 417 399 914 723 534 325 157 607 480 81 154 683 717 557 227 243 525 
200 247 260 570 688 869 821 379 827 469 580 627 651 134 330 697 266 903 315 689 47 34 831 993 39 759 33 945 454 247 628 353 612 276 249 41 949 331 194 774 54 733 181 22 729 949 34 836 848 606 838 989 589 545 29 406 231 380 179 857 931 864 788 505 536 507 934 138 63 13 908 837 924 220 981 606 821 719 879 534 442 950 230 288 856 666 293 302 812 836 123 573 1000 760 138 
278 185 714 591 425 669 355 336 45 975 711 752 125 94 718 773 401 344 994 769 59 758 4 865 282 595 772 319 707 545 839 884 949 352 572 857 137 758 84 539 159 530 209 581 828 957 759 664 737 476 843 813 970 389 432 949 709 362 699 52 225 486 713 19 193 391 54 588 766 92 770 530 732 855 106 182 273 807 157 763 262 195 521 657 599 944 296 259 951 503 896 906 825 868 700 
78 567 718 525 839 793 196 121 359 85 920 935 422 340 224 705 88 651 109 503 746 275 110 858 166 550 927 229 257 591 581 350 281 151 505 551 924 342 498 407 592 968 675 439 433 49 456 882 948 99 883 228 479 965 583 868 872 631 29 401 936 249 39 691 869 27 837 392 707 398 252 409 724 421 75 556 998 426 361 123 221 428 830 319 361 358 213 55 954 588 190 452 706 401 670 
484 225 880 434 157 262 952 730 200 934 777 238 888 778 128 797 195 622 290 455 899 891 298 584 108 63 318 294 557 320 975 440 232 775 792 573 7 981 293 841 264 128 93 360 174 403 633 817 633 523 910 969 470 343 934 376 710 99 101 614 746 976 442 606 669 843 823 20 536 406 994 460 348 175 778 535 320 500 591 585 428 969 697 818 507 243 616 778 493 907 506 792 605 334 456 
219 794 710 496 277 314 656 32 615 582 726 802 25 168 461 939 826 850 423 826 447 744 84 572 303 222 442 964 183 883 502 58 153 597 191 241 570 836 987 398 281 982 643 463 158 238 107 690 156 316 164 195 536 402 344 360 636 191 551 629 649 752 643 697 974 706 80 148 441 28 529 895 479 868 693 653 678 558 714 718 228 791 761 342 853 710 512 744 568 225 482 632 754 67 143 
729 903 135 872 681 325 297 157 326 324 287 76 387 118 675 15 12 66 6 630 219 93 537 432 903 39 112 897 1000 667 623 204 401 571 885 816 10 444 641 584 195 963 867 822 988 80 598 74 892 388 296 443 163 412 454 339 907 318 684 953 817 402 204 340 238 876 979 133 65 352 585 925 688 787 746 444 738 472 509 957 989 718 158 701 898 321 660 677 135 502 926 192 876 104 798 
897 189 110 648 538 547 57 582 659 101 445 79 544 538 64 645 613 357 178 343 162 845 854 624 413 198 273 121 759 14 370 268 541 726 484 300 747 952 4 921 203 597 117 608 281 417 567 100 641 189 536 516 975 370 555 561 499 352 250 265 534 515 899 912 182 842 145 293 780 920 131 511 9 144 777 800 878 414 423 145 251 837 265 439 139 429 849 52 823 946 887 520 632 261 880 
72 964 566 731 98 83 379 955 791 731 139 830 828 12 717 966 225 672 898 212 547 864 941 260 48 2 584 173 273 533 877 81 274 411 830 26 710 648 19 908 616 432 38 831 649 21 394 271 820 773 982 844 980 73 206 974 949 645 412 168 332 318 204 475 655 70 707 156 82 777 757 400 824 389 407 595 106 533 258 202 680 131 664 288 437 667 127 850 557 963 540 330 478 996 27 
620 93 615 936 463 143 423 817 450 798 108 454 574 320 856 577 410 302 824 408 817 128 344 765 854 807 318 622 407 391 315 678 68 213 766 865 578 964 685 647 25 194 211 57 478 634 625 751 157 482 955 978 493 47 48 723 557 605 557 410 974 209 320 633 620 701 439 880 840 845 401 542 160 482 859 304 44 67 845 872 846 305 841 595 801 550 822 825 592 767 259 579 98 607 198 
475 29 803 726 591 126 579 884 778 43 813 767 169 867 851 786 358 908 873 664 494 619 328 47 590 233 681 126 686 568 751 979 347 689 509 448 512 385 464 509 842 903 621 617 636 229 64 247 55 254 718 669 774 403 446 92 137 304 395 221 9 773 420 749 340 712 792 659 517 803 4 310 49 303 547 674 125 38 529 480 594 885 763 527 233 304 422 629 199 310 363 553 214 750 105 
329 420 998 601 602 94 203 859 654 18 25 378 64 285 116 602 669 591 603 764 719 18 793 427 669 875 504 421 179 825 816 741 20 24 410 160 798 628 872 895 295 616 157 971 877 185 98 16 427 267 206 333 453 697 229 368 165 162 645 703 741 504 759 201 878 342 560 192 855 454 413 139 94 552 578 700 24 214 20 588 637 576 469 148 55 74 151 323 352 464 374 144 758 129 258 
991 981 398 389 51 667 291 550 972 609 180 477 401 136 566 351 676 450 185 369 580 597 121 820 713 867 181 308 420 844 261 600 241 361 694 276 581 415 162 311 72 183 347 18 75 813 461 923 186 800 39 229 105 761 601 281 188 428 252 905 270 770 88 862 540 318 458 265 622 279 632 167 550 22 892 698 765 311 871 80 871 413 456 643 654 300 187 987 538 848 320 160 286 305 215 
64 540 44 668 278 224 47 947 891 168 343 439 215 184 545 576 30 366 361 103 62 374 295 801 449 541 263 684 859 429 182 983 608 673 277 665 292 419 717 352 515 984 954 781 61 742 497 395 553 447 402 712 672 698 677 693 284 125 164 955 997 847 185 551 552 606 172 279 503 991 477 409 516 511 1 968 728 141 744 79 655 62 773 97 309 621 129 64 137 975 102 575 899 97 27 
568 161 488 949 436 822 996 970 407 908 540 46 807 392 419 513 625 151 360 634 11 239 284 178 639 490 23 597 552 467 412 539 400 831 168 113 617 282 47 179 794 774 326 96 815 400 9 279 793 200 13 848 820 154 165 728 236 79 795 381 493 517 564 370 799 933 911 267 409 180 556 481 22 638 497 757 397 538 118 468 411 523 11 950 142 877 557 49 368 811 676 729 710 705 536 
556 558 399 283 88 742 910 711 912 193 568 486 789 453 503 741 636 130 943 5 84 51 849 364 738 42 17 547 843 735 370 668 813 636 696 518 730 605 634 39 370 895 272 575 61 617 325 721 443 495 794 273 936 541 1 431 853 642 967 599 762 497 71 760 60 682 121 677 203 115 769 612 81 342 398 47 180 48 298 543 419 278 418 167 333 831 102 325 606 629 204 69 496 297 629 
516 646 473 206 456 808 484 59 185 492 326 34 598 178 679 658 570 933 273 727 456 209 473 376 171 792 821 749 932 54 235 275 643 632 861 756 339 843 859 954 783 348 254 192 568 826 24 390 504 681 130 970 286 38 959 769 87 995 399 763 820 652 233 59 129 94 253 825 691 59 428 816 692 509 983 960 583 620 883 104 643 948 918 243 502 624 117 553 345 726 129 489 611 503 817 
676 159 667 266 202 542 455 841 271 109 752 376 928 672 789 148 792 519 742 429 692 449 677 448 932 83 953 553 643 207 162 540 988 718 829 196 47 484 216 174 313 833 171 877 89 79 802 340 504 318 165 689 991 365 831 474 451 979 68 601 612 494 972 560 616 740 962 900 936 329 691 813 425 521 474 993 608 918 962 611 315 469 905 892 606 308 23 202 978 403 576 336 507 516 272 
64 751 761 40 141 846 21 510 34 261 117 535 459 972 303 829 934 807 740 668 768 385 506 14 621 763 242 219 632 524 545 411 513 291 195 299 84 418 158 531 8 20 297 497 496 82 697 101 461 826 795 272 363 146 712 155 885 4 84 591 913 972 661 799 237 482 488 411 116 243 93 267 433 338 608 409 478 632 427 918 39 961 698 875 288 425 499 744 242 610 569 598 197 912 864 
123 596 339 949 558 792 509 114 636 254 840 174 305 78 735 723 616 986 360 244 352 824 6 369 981 225 794 135 575 544 481 948 146 974 493 719 295 907 214 409 840 43 142 935 812 503 978 360 693 765 277 689 993 135 60 227 602 914 537 263 748 853 980 891 137 451 649 163 957 182 152 540 631 380 401 481 843 905 443 410 531 625 217 537 435 689 894 458 31 282 509 140 44 835 566 
811 317 697 627 682 618 2 582 252 886 958 474 734 644 139 164 247 180 156 897 119 594 269 964 204 459 251 40 281 980 363 799 607 816 887 145 581 119 410 353 406 771 23 90 826 176 538 515 135 28 679 865 969 215 195 207 474 256 98 820 512 356 922 843 940 110 854 543 577 604 744 448 89 55 161 812 291 76 797 899 67 786 164 16 263 622 223 306 137 607 131 838 833 425 377 
970 871 700 226 332 9 912 564 796 466 913 288 278 951 995 547 326 265 696 576 127 36 230 520 225 454 616 285 281 871 768 99 861 583 149 184 311 409 518 342 665 627 76 799 344 492 43 49 494 763 391 389 327 701 165 171 706 528 594 973 275 126 344 295 523 92 377 619 548 989 339 546 314 392 916 274 983 614 266 489 152 843 737 583 784 611 436 917 161 440 942 230 535 465 249 
720 690 729 797 405 673 577 476 17 120 238 261 161 139 485 438 831 222 303 46 869 24 991 936 962 52 741 555 461 584 304 776 37 486 384 811 11 622 220 321 31 13 471 895 207 557 175 48 853 437 458 672 773 525 112 627 645 808 930 328 26 138 515 440 443 298 153 348 603 309 282 897 241 168 558 811 343 571 227 302 272 529 542 897 879 355 985 802 113 835 434 187 192 33 290 
415 771 567 867 166 605 64 436 390 61 703 449 692 372 182 733 617 306 575 872 889 116 619 949 830 769 965 712 245 550 814 905 235 30 27 55 699 875 991 840 96 712 354 400 602 243 796 279 901 201 413 422 452 402 953 247 776 771 523 709 249 53 299 916 384 647 351 935 261 175 674 604 843 596 219 538 194 975 728 564 378 46 917 981 316 517 86 221 50 2 879 350 322 395 864 
919 954 668 55 284 581 608 9 625 64 539 236 306 275 382 428 114 916 885 704 559 478 644 288 896 450 193 436 712 26 888 687 391 680 564 886 826 546 550 500 738 971 191 664 551 539 913 555 981 114 898 476 798 805 13 651 960 271 366 267 924 143 212 533 329 556 328 410 396 165 807 987 947 118 248 937 801 799 230 197 708 690 171 669 721 636 734 370 601 843 736 338 69 900 831 
504 149 423 417 113 204 854 795 487 744 174 787 887 217 480 131 485 142 760 567 697 127 189 306 455 470 653 731 581 474 455 872 228 583 538 737 394 710 331 555 129 700 821 962 634 593 542 35 925 615 145 797 436 664 219 567 734 941 575 613 51 669 586 903 632 940 146 119 509 631 578 899 400 556 203 128 794 692 896 948 721 536 822 277 883 949 119 145 631 18 719 29 702 809 488 
870 200 287 117 754 862 668 747 560 355 903 437 522 111 910 333 660 158 556 823 434 770 624 323 928 139 826 12 152 990 519 50 811 415 495 332 254 57 589 885 599 851 378 202 199 732 388 543 330 751 377 792 874 303 503 275 130 314 669 552 612 857 614 335 439 712 574 643 714 894 17 465 241 788 90 237 501 893 758 59 976 995 88 371 369 323 687 771 472 556 204 194 850 517 205 
316 50 960 201 7 873 668 588 235 447 460 579 682 708 802 135 977 832 327 298 509 990 775 625 360 888 301 880 82 77 522 889 839 4 996 229 179 489 950 343 866 629 320 814 26 972 544 799 660 776 572 171 965 86 418 532 446 123 369 178 93 727 89 43 812 910 484 486 784 820 509 976 75 342 98 937 121 508 932 796 997 378 284 919 627 299 958 474 917 552 854 704 55 654 669 
460 234 391 15 699 842 865 818 69 776 661 112 256 7 518 471 788 913 978 336 309 636 815 313 423 681 316 344 364 948 545 424 387 932 837 549 171 347 23 381 605 365 101 89 954 265 959 112 494 325 267 299 878 381 884 819 71 851 189 587 5 376 171 334 406 162 361 505 657 137 231 10 29 48 985 913 3 93 793 440 163 810 80 785 579 265 43 328 720 866 689 939 424 161 95 
103 762 194 358 597 530 990 974 320 262 134 623 50 282 768 963 85 418 190 86 137 458 79 36 680 688 787 68 513 603 764 671 377 798 176 606 289 68 559 353 908 823 458 7 180 704 824 287 177 676 700 159 566 936 407 822 654 528 777 780 40 993 232 278 826 563 187 62 590 705 531 599 265 130 522 431 452 78 56 328 405 566 965 733 566 794 39 221 432 351 406 235 742 219 355 
10
44 27 21 7
69 29 5 38
67 4 2 63
59 41 13 44
15 56 59 8
14 1 13 22
40 1 35 88
20 25 28 17
58 73 7 22
24 70 14 7
